$ANSIBLE_VAULT;1.1;AES256
35353063303835326230633061613765353635636663373639643366636564663832633234383863
3662363131666530396162396231306662626135626239300a383032393863353934646261623134
38326365663766326436396530613634366566323964633261666436333062383766633861653336
3236386435616463660a313166626431366465656639336464643461626138356137356332353765
34343965626462323833303066313361373931373337366162323631333535333732393730303230
37633730623266666235393038366636616231376138313834663437373931333930646133663166
35393139393130333461346239643932316435383735623135373630363931653835633332653138
36353663333332333534373163666165373366383461643430323166643037333064306134346266
33643130333939643836313035666339626139646437386661333939303635346663643938363762
61343435363331316337366461316630636536316565623033373839613062356231636333323565
64376135343836326439363064663133663164636639646636353934353634636435656237323037
39336636303539383063366133353262393763633437653933313933366433333039636663663035
37303461306432613339346163356663613963306264343030386335343438356665366634366338
62323365326539313538333838666436323839613562353237663239363364613137626337646232
38376532646162633863383539333139636266366561656430313164653337313965616561616234
63383734343864393964633766323930633830353562303631636362363630373634303361623732
63343533313236623866313463373663333632323836623431323966666334316163383864326662
34616463643033666265393064313438663432616362373231353835356230393233373737366630
65313036366632303639656662333865613464376133623731653966633761373639356434623037
36626239643236616330643764616566346164326338333836633937373062353439306239633131
62396439623762626264633339666631616639383430346133356139326132626663613739386538
35316464376635363964616663303436633462343734366539633563366537306662363830323664
34363136353363396238663236633832643165393335653931343739396232353437343332666136
65313835613832623436373962636636363166353634356436623232633331363834343330653664
38613164353366363662666661633532666635376435373965633338333430363366383865633031
62626466643238653231666361613131363331373131303132313266663463366264306661626439
31623662623432613162343138306431653662313534303134666263613261383238396332393565
63373137366261663037306361616234386333666537646436306436643831363732623865336461
38616666303531626133663035353636376162643265653263303736306665346437646663336638
61353666313563636562613634303730343937666663383333306564303939366236626230313363
32386638313731333563323036373936636661323166313964653737383462666165323765613332
61643763623433343539393737626261363938626634373838633339383038656666616561373432
65316539303637336334313062633832313630636234626462373964366666653934366134343734
62303263366437306634393433386638393832303437393536333131393735356361653862336330
61643234313934373234613239303537663262636139633962663765373466626136316531383339
36353664666339666533363938656539636362316435343963636562633762333863636336616662
33343634633036363432386639333831313364353339383862363738376233303332346563373031
62363030333634626636316137353533363535363530353532613734666636396230623332366137
34616536376533383139636432653466343937306532636137336166646634386230356631333138
35393535323731646662646366636135346464393133303264353638653233313565343466336262
34373465303035346534303065363733613065393264653037316335316635626334643732383262
34376633626438643734656162376337323532376465646539613537653563616266313761303063
36386331623965666339316336366166666463373634356263383061393166613763313137643165
31663064333537613662633434306236653165373263373831386235336361653766333463356261
37363237653962623363383631353635373232636535633661313264316562323730323666366435
38336663636334353038343834336365636539303463313233666139323862666335653937373065
38366438373937306362653436343863356230363138653234633930383361653966386637316433
31353135346537396539336130323135356434343934343430646136356238343763633935383431
37323065623762376535653365633030323732396163393539373162303666393937333062316165
61336165623664636137356132313065396330643939313965323838373236616337393937353164
38313735373266633237623332633430363663396235663832333765353035356639663366343961
36623935616565356632303764363630663333666630633561663061323732623639346663623436
37656137366236393631323437316637333066306465366663666464313034366435313138626132
33653233646539383633613962613033636163633836343532643564613964633339366566643266
35326535306536636565353762353739326632623034613636636631646232366639343864363836
64643038336162363331303232313230333030653631633030346536306331626463346534323431
31383639376236356539353831343334323163666264656461346539663261643832633766326161
31663935393639356465663231616335346334323731643961643534313064623532656133326531
63616334663931323562313836396265386364623766353239666662393936306130336535666634
33636330333232623661636537643864663032346661316662316332366235653134653066323038
66393066656161343734343536613264393533633837623765646534353530313864386636333934
33643533343663396539313962663662626637633332353564663431636662323331353665646466
62623236366137363633306537663664653531623163316564363935313639383137623339383163
30633230353835363136653563633234363830646436306332316335373962343664376637616264
36353830376161376566633039613534643038386137623763353430643339663933356136306337
64663436373664663234306663396233363265623034323839306532323430343937623361396432
30646237303230396162376536646539366137326461393638643462643432623031363766303931
34353335303938383161363734636437663365303637376166386433323166333136616539323131
31666638373763353365373738376166373135363939623763616463363432623364303065613730
30333536323065666265383730336135633336333333323130666239366565363039363065393031
36333837636365623530646463373130333731653538663266646439313663303032333636386237
61646336376161653330326265323037643331323032646339633834626338376534343562643163
39336239376664383363373234633465336632303438633732356566306139323439666132363331
30313835383439323035396631343334366635346130323935383832383164323337336632313161
33303135353030623339346663373735346537323264346234353736316632396436373230663130
39343164646532313665336533386635333134306563656361313134613339396339313539396237
66653239373662383530313836376136636664653431373531623563386134373764653339623736
31353038303461663633343637663631363236656634643836303261333861346661666531366563
66663139386332383561313666386634303334303235396530666530323733316639666536643432
64633066373339306434633565323533656131376434326661623263366232396533393432373062
33333036333331343834623235663564356439373337363831366633393565313635363563303538
61653366366464323032656136653434316531313131386631663933633130613838373662373333
30653765366538346461373365316336623636353934623137343965393638376137313839353261
32363130343361343038626462316133376534316634306631623266663963643438373337343531
39646635666436386639613332616430623561363930613739343534323435383732626363363862
37616237373637616637323966373837326430366562633934363138353430666566653134666136
62636163656262616462306235616233653732393037373034613831383134636235393266663034
32386161343632653662343161333864396238396530333738313038346431336539326338633366
34323536393338386135333434663539356633323537653930353032393437643463623239373762
64393533663165363335646636626438333062623036623039366364663265376336666236653263
61303533353439343931353637343033663364343830356665306135646532306131656133346530
31636133613334613536393864366161306165303133383234636632336163343535336139343662
65353939343666346534383363303966633266633461306435633632393134383833303665396234
31613762326333613038353636623264386264313636626439396234303036613461393466636232
34303235336639313565613962633861353238333662366332663765323363626566366533636161
39323064376539663031373836373130623335356562373465323935656164616632623539633066
34663238353834323132393531353538353132386239623234613732653439336635323736663532
34373434653732356262613639643333636137336164623866613130353431326431623563383234
39323538303032353138626530303333383838613764326364623837393064633636666361306439
35663937383333313264383766326465393664343132623539316435623962643437386463356566
35633936303534633662636434323737303538376631353731346562333262323734623038663439
62326539376633376537353763386234303962363461386366356439623031646638653339343961
31356538343332643731393861396334613865663661346561333330633639393961663132633765
33303032366632623535633736623933343038306263343036616139366165313366633833366239
30623836383537306566303237313938623831383234653037626330353233623736626231303837
36313464393562306266323363306363383166363264376465383564363365373736363335643630
35393066303532326466303037626332363035333362386162343339326538616334346634366461
35666265663962316434653037663930633066343034326265356437343061666531343733343466
64343738346632343737316161336162353839336539383434623930616163346336323263633164
31663538666438316665333932303738323164656337653066653064663534646261393534336538
62636561356233386166373435346265633632636563393332333962633932313734323932396137
64303163383764306462333930323139663130343538666466666662333936363933376337373737
62613136623865653861336330633034316636316231376662383739633437373363623835323263
66316238353337663566326330623965343037636439333162363162623236643166666435626264
35656466346638393933333035353835663362333032323031643734346661623462306164306531
62303464353131383763336339323330363265313162353633626130356239313965616464626131
62316466366533356164363861333930316135663761633936393961613962346361356162613735
32656266623661323537333263333835616636353362326537386333346231306637653361366563
33623831656434376136613331656465363733323162306231353037623065313964373765396530
39316335366164396636316531626234343631303565303634366438323931643362643839353933
61356638643963373433643933366533383466616361626135633065376639386634646435323962
36376237326537623064323338396663626339333336383930303232316464616336663035646330
61643762646137356466383633663263623937656134353531313066613937386238363932303133
66346634346434393334363639323361383830636239363762323164613638323963346566333333
37396265353266643365653839383333353334323836306633613332653830323735353435643932
63666462356165613562343364363438646237656261633837363433393266663234303530333236
31333737343639616235363738353236306237306666366433336635653963373162643035613433
35346437613265383137316637323831346661343731616634633338326665633531346463306232
65636632363164316638393466336562326362633337313166383965323664653934333261636363
37313962656238366361333362613933613539373836646335636565346638393539393831646464
30386431343031633663356536323563636461346135366566623566623366393032346464336263
34653430633662623833333735306666646562353261663964616561636664653130343032646566
36363637306633396564316663306366353665346366386439333065323861646231356231663435
31393732616634333962393331386161303731636630663839643565313362363638323638633933
62643734376539316435626635646531616138343736666465643962363666353433323731386635
35323364376435323539373634353733623366353437316461636236363637356430393232313964
65333135363465353333386130313662396339616537626636623036336133656664353565373363
61646638373334303239666464343261383132356464393939363262343365616435383763343632
38386366396335306237376634613430393166636332633033353364343130663636643734663435
32316634393466626133623439316634376233656435353565373466383364666566643061303262
34613939646264623861656366623339386164643332663539346366343938346539343331303335
36333230383833373234303832386134363631326237623966633435303837613537306132333864
37363766626465393938613533633966633633653634383565616434353334353864336366333835
33373636386363316462363538623961636631623366633331636234373665356235386463383866
62353530386338363566633736306361303530666263613937633030376633386631383465386330
66353862353965636566663636363834396230383238326434343136373962313937353065366465
32373163393837326637656237633061613565336234653831643366633536623365613166663435
37363665353761316631383363353535326430653035666134646537613032326532626466353232
32643863393936363736303339646564626566326334623364383435656364336162626632376133
62323733326633363837613264616331633564303139386434303839623335316463366334633539
66363261616133323763373438383161313434386332323162313038346132396339386533633463
65386365346338346339643831656662393632386139386634326139646133396661623636643631
65386138313437333435666637396435336135653833613662653039643932376636303763323938
37323836313139333562336437376662323638613330353833646434353230366362633964353462
65313466333564366634356234616334353330636663653239326230616532393064356664666332
63333361633334653561343466653763373731303632663866323736346130356333663633323136
33363131306132643233663937646166373533376563333233626261313135386330633639383863
31613633303933333435386663363939626663343035633164613735366361646234313430396631
63363863396663623939353134623035333262376166396164666139336534663162343137636465
61653766363737306539653361393139333230353435646632633331393864663062653163383065
36626438643961346263653339326139366365613639376434336261623137313837306166333362
61653538626162363563303964303861616365303139656132383963356333373832626430336531
37313239663563336162396364623336326661613934323862333230396636323537313438656132
63386164343261633366373938623531326362353035323330343132323734393839363662636332
63323866393661353935396231353137363334306366303439633363383966396266633030623962
63346130623533343434663864623730643766646362363833666139353565333031323939653833
31646162323864356431353064336138633463383264346532633962383034633463396230613135
30383164623862316466396161336434663066656564633061623661393434336131656139656431
34353037353131383262396366303433643530386361333432336639313534393031333965636636
30313065633336626136643365363630633933306333643638653061323836386465343062623431
35363963663935633466643366306338366465343661653431666466346466326539656136326534
35353632336331353235666366633562653034623831356530643761353932623938663237373536
35653733613030306466316230643066343339366661623764333231356131373833353563303636
31633466623062333733343036363730383437313634613661613163386530653030336431393935
30366236306264663833393232333864363734306637343436313631306164393130356136643936
38633361313032346630316562653339353063623262616263343037396662353832643632636131
32616635303366373730303066643833663161363533343135616664343565656632393064326135
38303130373936313731373463323235636262343830366435356566663034393334313562616562
37663337383932303631373536633932383135323335626231333331343737653438386661653461
33616236383633663835303333663164363162626462363335633432373466623335363463353732
38663237656437303735343739343034646364323865613137336265646637623864393131633433
32356461376331306564333666323139386363323061386338623230356235316565363765633663
66663865336634616363633031303638386536313236396239666464633933373039653034306335
61303032306261396232383631623131326134346238373736633434336564373639626130343134
36313936623838353830346466643431313965346535393934366330633231623033386334376233
33376530356632333937613531356363666236643765646130346432353630323239383235366537
31353133353633613463396234383636326439356632626662633064636632383435626434366134
63383833393937386230353537336662646632376461303538333864303764633261316338643862
62613337633663323463336132343038623435353430653066386134636136373132333663336331
35653838623335376133366437393766373836353562356565313163373065623430656231313731
64623634356332626266313435653030643832383439303431326265366565626435313664356663
65383466396465343733626465326433343464396161326261633538636430346430366136306536
34316661653861636638653461336265306464366262663237303533393933666563653837663334
35386133393936343761346263316133623431373830306435393765356364396239336636663538
38643231623866653465613437383265303964373630613333323264363165316665396364333062
65306538316565396338396631636437313637353133636339613562616337363331303162333564
32393433373562656237366438376336613061333862643163353039636637353937343633643838
31666265623239626235383265313835323538663130383630303233353635343164306339386561
37356465623563623664316264333533326639616563646334643864316537633866666138653763
31313134376637613564393765633337363730323730623133396361393633646466366134303861
63363737386632313332663466626562663065356162356463373932336561613266636133613465
39633839393134376665656338303230373534663438323037393933336535373339313465633931
64663961343865353638363834663864633333643963616532636363376138353162646263306636
66313865643832616234336636303162653931313362353837303965373766383030393637373138
33316566353837376232323261366636323566396661333832396662366537623632613335643861
36303831656232383638376134316465633031613063353462393032386663363564643530633565
63653834303165333037396434373138343765303138343039643239396532343831613033623736
63623234313137366563303432663436336366353937393462336464626163383536646635333964
30386630306132366463323566333339383033663361353038656466646132376137356166613166
34653137623866366633643965633336653236643130336137333035613762323738613931376132
39373937346139656261383066306236613466393234656364656665323238663534626161386231
34393630363533323532646633663764336466363838386536313062333031633130383839396633
33663236383261616530626438636533646464363961383866316339313739386634633663303039
65636131336632383830363835323434303536363430363931323863303631343433666363346337
32613130643736346236386666623862383630333037666661656238626461326163666162623164
63656631323133393266313461666131643064623464306665363566373133356333303136633336
37313134383238303862343638613835346565323965613236653363636232623865303033646462
39623661393261356535316233373131373361653738303135373037623935383463396335653534
63363633373665656431363464323038323239383462656233333833303330343830363036333431
32346362306438363132636664613837666639653366623461353837393561303836616661396135
61386130396463303865663331646663663132663664613363613465363232393466343662356335
37346361666136636635636238643063626664613933393964656238313932643030623036623763
30633362653936366164343966323230366332636434613036653435343138383432653034633735
61316536343466353065666361373637653735626639376666373139323863376262393838313861
31626232346133383731626635646236663166633961303666663165346437306137616635643737
65313037623562656161613033616131663766396165393432613732346530343030663932663334
65653063663434643131383632306661373262653031633235353562336365356331613066616162
65373464343433653136303435383635346661323663336135353031663530396231316639383862
31333933393665373535336566653538323132653135336565303563656530663364306336303162
34653962383737636132666235313062356263313462346362653565313035643134633233626633
30376532633261656536633363636263643364326236373739643535656466643734386438633232
36666334336539386334613430343234353866646362353762613731363163366262383161356438
63656636316637346435326534663764333134306333373632376637646132323364316237316664
3430363366333962663836613464383337623338613063366362
