$ANSIBLE_VAULT;1.1;AES256
33663030633735663463333031346434366334366139663433363566353936363732653233313236
6135313065643236356364633939373464396336373963370a663737326535373230623561346331
34386261383863636137636432333335323265646339323262666465656438336432643238363831
3766333338663939340a616633336236656366313763303766393962623066336164653534386161
35666138353961653562643938343231363531613366333761633432393561653031366464303164
62656265633261323136323438306137613165393035346233356134356335356539326632633632
38626264613837366330386137346538613665336265353536383532323832363661383261303861
33653964643135636331386136653936313431666530376339343030346534666130303939396634
61626638303433333434663639653061313533623339303339363833363365663762636533343830
62656465636330323665333063343533323537646635303732303039376639663232636563336163
35346136643561313734316362343635643635613531653039613533623832346264613939313237
37656566313366343239336564343334366533653535356437386331653534303363353736346637
39666636373137613465636534346430346236383962376438333733306539646362646562316566
66613138663932616462653233373764336531343864356663393366396436323933646164383736
63373462616166613765326130323138653966313333396639663433336538643465633031313630
63666636376562663361353836613765303765386564373164653038653836323162633864363839
32373636316566613765303562656236623632373463313533613765393431363837303331313333
35396266396531653564373863666431313436316130653532663432376534613566613362633163
32396135656330623162376132626230306164326633303534636430626233326465373165373338
31373739363633303237336136323966323535666562653964633031303138306636306261353939
66326364343064626462373936363030663462353663656332636331666232663538346561373330
38613237393561336662663766386461333233333766643065356332633436626532343332363739
61356330643466333761666235396634383032393932363635613033363834373637666562316466
30343433383064633137323833306331613033613339616438316533306265303561633163336137
37666566353733383961373038343032333263336639623861363962353539313563356537396335
35633866313030346238396239633365383362386265323064666537366135326331333938323835
34373166613436386432646132343765343533303938633937356532303863636330613433626663
61633038373432643564613962653163633764336233643663303533356333326239313264343361
34366364653166373165396331313231313437313866623365333161613138333639613065663461
63663163383761323866343235366437663438306636373965313938373937636364396131626135
66303338643163666562613063356337663262633039613838626331343064623461356364346638
64326336626332383063646532346266616661396561613038303465626264323233386533356463
32323162653263663230343338316232393063363931623063623630366662663466653661333766
39323631323364356533366465383735343965343765666134633966343961636137323061663537
32613063663131643036343634646230323136636561323233626162653963343632386366393130
36303462373765336365663533663863316664313739363930626430643039353339343665643234
31323139323536363430326637666565663165636262353063376337636364373662623463616662
62363239643463666139373564623230653064613032343537333262633263353231393563366336
34346134313862653866643063396465633438383733366562663638623238633734303631373738
39643136313962326238656434333464343638623361386337326466303366386534343361383965
65373035323136393361353263653532613938396137353362636162323436373437316135323636
35353737653936626636373365343238636462326263336132626337383737316431326135346162
38623965643237613233396164383063383539323366343262303464386562383139643432363334
66613562646133613766386563393833306332353435356563663062313031323833633463656237
32363137613135346538613762313238383936333435623939613931336162656364336464313265
36326237646632333738313439663931316466373039393166633132356132623765363061616365
35376139663837643531653934613661373066376662333530626466363234656438663636346237
38383339613731663531336466613935323139313535636361626532353239333565643461353031
39303137616636626265636532383862376336393863626361333233633238636635333137343461
62303232313536323163666136326539396463353838393865616335353366636465663534626263
33633439653466643764613564626638363137396639326335653035373765343337343163333266
36323032376463336438386663303832323438323963393531306632346665613431373965626134
33373330666637663563646231393539633961353462656232643939616534656163326362646236
31316431303835306634303532666464643433323562623839356130393131376233363534613839
61653562613863623934393534646361636365636662636430663532346337646361333336373033
30653739656132663364393239326538663732626638363137646631333164336239643932393762
32353037343536336133313831333539383362393539323465346132653337373765613630663963
38393662626464333264636261666533376238346365363334646537326233346631343237643431
39353735373264626136613265633263643334366130623635356364666132383130636165336135
33633133363664633262393465333033633066393734663738653566333532613435393935613063
37663634343834356237346337613136303234613135313536666430666436626363313130613634
65363835633061323130303565316639346262303936376334366364623730663639643866303735
36313764383136363638373435653061393963623931396234363339386433643331633739363638
33356232383837333032656661333761333637623064653230323564343235323938323433376534
32333731313436313235366330336632333463373261613466633565646530633230616135353334
34383432313330396331663165346234303161313634346233653964393537376134386366363038
36346131336534383335653239666265353165666332356432373765656138646166633935396232
62646365313961366636366434643664613236393662313230346133643635326361336432666664
61376166363336623166396439323937613861643363613638306532396366303563636361613362
64663166366631373962336330353163346130636130336663633237636262326636653563306333
31363436393264656331386135363732383230313830343832346233633661613338376361353839
65636365393830663835313335393337346639393066326439613034303664323231613238363837
63383537343261333332363636663335663864353934366366343862396139393234666633616661
64393665383533366433333765366338616638323432323164306161663262316334346134643264
34383762333161303539343966376537663237656364616466383434373832373162623930383333
65333065643136623836353735396161346137343535653539643137323136313964383838643262
35383239313335343135393766396565383638636336376537363238393861326564323865383938
35643731343561646335653466623961666665656133373438303166356530363061313631666539
61376638373836646661393333313538366566653735663162616564393131613037303565646536
36376134336337663437336631323432356236623137333861373834353238613461613861346337
36663735383337653032323961336636393962613862366430313630633031323932323264623035
39393862303939333332643562316533316439623639323462666662396337356334386462373639
38653634363433353566393563613235363039383739626630626339343439376637633864376466
66653333643330373535323262383665316338643064656466356464666339306131306138356230
33626432656531316335396236393063623130656466353636323634666562303534393961396433
36363364376366616330366133646331303863373061303431333134646133323731663038366561
63393935396233313433616432623363313430393261306139303962353565366636656337323165
61396636666235313331383662623766353933333035323266396436336261646537646539663232
62666532343536363038343932323764633165613761653936316462363765316463323332376162
34633963333466633436316436326265653039346466653865346164326535336538663933306665
37353861656537396634656535383035323736323133343062373238656534343439393230343731
62353064646363363431383864333137636561643637656234663534623038656138366162313838
63346364616338393261383734303561386462363862393731343030636638636265343163333964
33616536386465666337366265333266303533653665626465313238343730653665663565613465
31353436633063366236376136383033386130303864636139613539343461343861626339373534
33613265613336326366653232616266656538666235336632633534633135363834313432333233
62393934663533623134333737343333323562356666393162643832346364353033306565663035
65666433616439636436356239666566353432306638363963663666656164653236383132383830
39653837323262373537366630383161636361313666366633393836626231366661626131616635
34393837376631626139633065353561316364663330306138336435336565663462633435363830
64303135303366333136316236383039613333653662393831303336663839613734333133363732
33633136333934363339353939643762643136666262653536323562313364653039653733663734
62653838313231326133366138316561666139376366633732363033616239306133373432343430
30636561333234376431373264613637626334323834653566313538356330353432623961353731
62396333396538343962623833356138343834336439626464313130633138376234306466666637
30386463306631313933343437376166373162353662343337366166303832336465383439343439
39343832373164373533376233356139643539333038343065306464623465346237346532383963
66653661383864306339303266623531663734666332656336323438636538366637346132623639
34373036316538386137383232316539663765396262356265333133366636346139616262313662
38353439363237653237623666323039363062383362666466346163366239613038663162333465
30313539333563633562326133646431643236393666353662343666656635626438363034323731
64656161626433303966623862313535303865633634383638613932393961373737393165346434
31376366646338623536333331323563333438653563663633313762363936363232386464323337
30376338383563353838336530633935303233613538333363363661616266306430383837656238
35326637663238333333393935386537646239393535333433303839393532613134326565626532
31646666383035353838353837313063663238666165323263623831373238626138386236623931
65366363626637333364346239636365356239363365663962313366333562656163616165326564
64666336613266333934363662303165623462636330616461623366626262353634636331323265
31623962316435393461336533376164653230646664316263643334353335353233303337653432
32353630343762323032356134333966386237336431656537623235313738373761353639366161
65323736383030303930316364336530306164356239663533646266343162663165663837326434
39623137343138366565346561336665633264336534373834626266363366396536306635636431
31346662616131383335613766636637623037623164386631643338616565363233363333306132
31666330313737636335376638633133626139623662376164643965393763633964393865333162
64613232363730666565326531396136383735646462616161646464303437636361393465663963
62343066326463373635306438656630623735373363613766303233666439393633383436306330
66343939306533353530633635323730323161363730303436383463626237653165363633643236
65646666323535646332623833633933323530373362353863303733656161643437623064623532
37353638623666663837333337616135623963363037636234396466616131356263363338313439
39343237316238633032653633623639396636336364343164346231663461663033646331326439
32643765376266623761393462316134663536356333393937323562643063383163613963396238
39336661663962366531393437666231336336663364396133656439393461663066386364333962
35373230343663623732343938303233333864666665313339323336323932363663376434313336
64313137336336663839343066366363646335303063623433343032626164386238303038323034
39653830336463363836613961323061323036623066636265666531386538323431653032363831
30303035313135393338613737613132663937366435353063626138633365623130303738376139
34616137333732373839633662623865363132316539333931353536656132383662396464623364
66613935613065363837396430346637383736653264636662393565316638386637663062666561
30383733343362643263326463643563373631633839643734396530656537366535646161333336
32653132353931393533613562383365336536376138613432643865313635353034653663633232
36626433316466366164613637623936373432656264666336346465333134396564356437376233
62353761373338646664326535316466653331306165376465663264336232616166613731643634
62626434626633396230393030623636366238363864376236646562323831626639616564643736
66303836646466373137343730656535616364376163306465613134626165383730306361386237
64373835316537346234623463623631373938326330633033376334393236353265653339333565
36346537326634353166323234313762646631326361666639323261343833326235633662653538
38323366623761626262653534386532666665323736643336663535353038656431376362346266
63333937373938373235366565643536323166323737373636333233343063396531393436333764
36303266376630643564383161313464396137663235633234383166643463303063393137613961
63306663663431613035303538333066376333393564376663323933366234633666383566666135
32326234363430623934363834653736633330316339336231626462343063323039663464373135
61663664396234633738643563366134333165376161633663613065303837383531643463393661
39633966323031303135616130303734373633343437333034666636613738366233323566386263
65323032633834343964383564316263396265666534643631343665363737393131333738363933
38326237633965323437626666323334663434366135313362353333343034663966653963653035
61323864663435313631386137353861393561646439653731636339393631663339356533643935
36663562326238666463646639396234373635653039326164646434623561313032323838383634
64303961613236336638653163366236616265636233373037666435366161643938353063316135
39373637633839613735633538396363393436653730333261653961346530313236323635666631
61366261396130316461363939633838323933333461613630306139663337373061666533373762
35366466666332363033616631303431323238306338393264383761393337303662326233623931
39343436653031353037633631616463376535363230636262306535356338376338633832656661
65343861396365313365303139623536646433653761623663643136666565666238613236323130
31633131643432333632653366383333383666393335353461646564396535396162346461393062
36643930383235373365396335643264666337663038623864366534303331393864653530613863
38376265316436333964613134396632663539336333326435396335383033303933383837643331
39346664376432366164613931306465336331303461646161636438636334306465653438626261
34353563306139653965656437636234376163623931643864366132313930313930616536383134
36323830636135353336613234656434363562393035353834323530376365663332653135383937
62383864366565313035373866366231393639373735623434633439666133393738656562663831
38623963663966346164653231343463626430323666306238363361633733343436656362356338
33303233633634323932616264613836616366363535323439616630663734333065363834346335
37373137323562626434333666373236393265336535393761653632303037653564323938303833
61666637653531366166383136666130636333643164643336366162366536623965396565353031
37343737646532643765363532323761373835376334363363636361613763373462316333653235
66333832323862666633
