$ANSIBLE_VAULT;1.1;AES256
37366335313834343866356236643833656339613566653638323661633534663664376466616136
6362393161393734303431353662646364623738393137630a303266383364306366346130623166
66303534366566303037313566626465376361333233626266306266653237613936353566393339
3963356166643136360a306362356631306137646531366364393036623661646438383037646239
63393166316636386437303564376137343631306666346563363833613465393838356664356236
30353064393232646461616233653263646639366264396565343962356365636564346233633533
31636538353231333161356537303535633539633161323565343261326562353161346530383730
36653434643463343030306162653864343934653962356464623061663665343766356462333165
37623832333966346665323033656133383435616536383861376563656437326439336432663461
30373562346261323034363131383661316635653261643437383033363465383136326239373865
32633435303031313166313335663938643430316165333066636536303736646434383961346165
64363237363566313961643632613336383463656538383730323064646632333161313037663337
32383638626330633135663565386139633962396532333966393966336666313562326161333365
33303335386263303137363065353133303432363533306332313534376162393461323266363333
37393031633638623764383839373361396262313530653437356663306235303565353330356433
35363061386237326162383035313033613335306665633635316535313261356536333533383636
37633362393631616635353664393266303464336664633437393534643334383939636461323333
32323566333133366236316634666366383033326532653932383362623866333332353336393138
66646265613832363534356138363231363736633630373832386635326337306666393364363463
36646639643364386332653834613761393135323232366163353563666262353634306236663638
38323561616264343938623036393265326437383539653364333762336166313866356266363764
32326233643764646638613434343361393733323239616566643735383236623238363063663037
32326534356165666431643364326563306263343535623935643237303263616164353535373837
61633935653662343134616163386236656335323462343764313464386266396365336334343634
30653232383834343639363538333033393737336130356664336239393438616435653030613332
62343030373336643866663636636338636436386563653938633330393636636264303561316539
36666433316565383263383833366132613934356335346235633436383736646233323335363061
38396264616233386530656438323239663861333466353735366536663636636539643762353963
64666537646661353731386333393266316435353135313939383139346630323436613938633531
61333237376135366338323861346130643961616465313561346635653538323133303130306138
61336166626133343162383862633334383736363530393662343239646465366235316133666366
65666361346335336661306437633763626466303136353937373033626539316536626634376264
38383239633037663465343830366537346461383962373736626265346132343932383161393663
34646163343537343161333664656638613565353563393430343633386238313636356365663762
37393466343064646364323165633864346664626265643437386463396266653730363862333833
64616139626538336366386535623831376134396639353131306464646166306136313830303033
63373764353064346566643237613663373038363032353832643233636163313763616630373530
65373663376266353338363534653839306564393636633466656264633665646639653138316666
34316263313864623533666532346561613435383665396333333033623538326238653031666365
37346337633333353231386465313637623736613239303733303336346639326337366233626132
37333733643964313661623165616335623561393964356331623936346330376636633434353665
38393135663734386364656339643764333563326633313966326438373735613230353361313766
32653433303433613430336633626262386265343463366434383735353734303762633735356238
33373962356361323130653033366166613866306566653563306433363164303133656435383966
36316434323162386437396134666333353262326161643361376536323332633038636537366138
30663931356361613332353039633034636662353131346665353432383134396330356434633763
38646435303135383531306431383534373831643731343134383564643135636664633065356632
34373031396339366466303464623737383062383063363862653362386164306339333239613937
63656530646335383363393863353661333066633034356436356436326663333539376163326565
30366538343735353132613363303061353632653531633762363362643934333239663531646336
65303965363337363631313031636333323562323036656362376334346239653763633638366635
33343738653763316235623238656431363532633061326432663233316239613839303766393832
66306435303432616362313038316662646565353833626466656536363266306538656362663339
65613938333031373164363734386139323231623732383565313936306438336336316262393938
39343561363963613634333161613836633835613036336162376232393163633165613764626564
39613332343566323566353534626336663032643165633766353266373932333439353439666266
64313733333963383832313037393034663333626536353234316631396263386330306637383235
32386238356661343966653634383732333537633662343563316365333835656437633232663463
61376361306239646166336335303162346639356538366236646261303734333430336632313761
31313532653836343463666337333961633165363066326330656437393639356631343966313563
65383634393962303965373134626264386239363535646538306530653631363530383164623230
33613234623133666266363333376438386337353038636238313139393633303462386561313437
66363166316232316161363463303262663863626363326530646461626465386265396539383235
64346635346331333635306234343935303461303564353238316663363565373662656266323164
39386266376463613061336561343430333937303861616232313538393466666634383561323631
64363339336235623163393662623630376330656461613231623462306534393335643336343736
65616361366439343935396163613565383262346439306632623062346130653465656161633862
34323461633132313734623463326231336235643839346533376665303037663730396538636166
31373138313938646130376635303065366335363134613162343435613337396666376639613934
63613636326561346233303861313832636563303232643832386261646663643635356265356165
39333265643238353831653165323839353733376238656434626236326165303737323234656438
66616364366437643339656638346635653338663861306532356630383035613061656466376338
35333061376265653736376337353739396233333936653335313765653033333466363038643435
31303130326361326439363263303133346362393761636137326363373864366137313165333131
65363439353130333833653565343035316631613539646433636164363165333036643433656434
64663062663536613235346461336536353563663435383633323637333830343231356237663331
66366434653361323261306634333062626334653165393139636665666265333130663861356434
66326633643236303561303263326463626233333438393465663237616132376337646565383465
64343235346635386332666437663237383036333235633934313464616532623730373065303765
38626334393364643831633236613537313435396636616339346562303331663432653731343831
37616261663261383935303336303362666635323164666133333336306466383965356232343762
31386533626634613437663239613837613064373763383538653734393766656530646563383335
65656639656434313564373465643036626661393433393933336439313830313237633532323465
64356465633263356661646563666532343236346365336134303863346333623262613130666661
64316333336330393363333861663263393539393732646332323364303161383338363737376166
61316466303565303934653231313130326466666164663932383537396237616330626330643631
31313830373337383464326135653139373236663039666265626332383332626561353938376561
64313736646132663036663231366565363431383366623038393934393338613631386632373161
62616264393731393135663931616531663664313339396561326537376163623831323834653166
32393034373335626163386565366330313664626539343161656338653239353936356439343633
64386566336330633836623133623739363763626561333330646462626632663961393738343933
31346431656637653765616565396538323832336433323835626437613861383236353232393863
62623336386334623134353334396132333665636164386164366433626230396230393334653936
66653065646164336661306236313861323063623433636131313335396537663564313665666566
65363363336466633439356436393765356638363064363736383536313137643631326633373533
36363934383038363237343334303838343763623038353736396539326262393765666332393731
37393838313530386430663534643766313736373561663832323266386162653062313833393837
32366363623865613334373838613136383762306138636439663037663131323032643362646136
39653835396236653334316462313137636235663365666233646533623739373631663436643335
36333064383564336465333531646364333964623962353738313561393335626666613231306631
32356131646639343565386637383161316535363163666333373965363931653230636461653039
30386335323934356136613937356632323637353632373933393564393839353032653262666164
65663834353565316636656538313665326634336361643361303733343262373737646131343835
32383731363431303932353261613038376338646135636664303866663337363834376565306133
30353362356166653065653033663437643033643765616362313631343532626161666338633664
62336338333632616464383261323830306165656563363533313938303665356331316538363230
37356335313065346132353366623133353664366565663363633933366465653936313237343633
38353430303161643762653461363965323735343932663539623537386336623238323538373033
31346338366432303630663332316538363633666362633032393638616163343730393639626235
37383239623464396538333231643931623765353239366162326233653561326133653834326537
30653233323837396165356134663636623664353761343163653164646330363833313539343732
39333332643933316264323830623333353031653664383233626465303766353030666138623130
33653166393064383662616363656133316335346532343266363664373535613238646165396636
61323536343930663361636130636233393331623333393665326238333539326362323336336433
36643235396166666437323134343964323031643461383565326237386637346261616531616230
38333931313335653239316361383030306263623865616361616434643332383666393264306236
66393066363661633033653934643539343931363335353666303532303365633062643130663337
64303162376165373834663235633032336130323964353932646131303431353266666239643765
36343731343863646536613237386130633330626132626532393764646239626639383738356264
33353563313637393862303536663863313636326432323936326238366133373238303764643531
66656133353864663438623165643665363963613166646539353461313634343831383836383363
37336433323936303465353537333864666634356365646337363364393333303537646634626536
66663061343639393065376232373632653362373032646665373533386263653566636565306139
38386365306331373764613834623738636334663332363730373865323861633732626236383665
32663637613238303135393830666137653761666163366564356236363763643232353039633366
34323965353831373336623761346439346662616333396537316236346439343663633132666366
61343761613832666363623638653431363266353732336538303435636230333565636539666330
63633733666330306166633539633233653235626631613362376534353931313237316334633633
63623630376564353263316265646166663666383765336632386536336534386331363632376638
39396566363439323333373033343736353535653334376365363737646263376335613536663630
39346632303333623966303032343565383439313565333730313535643635643366323735373363
39373238623861623931373239656438306532396633343432383238343733356532656633383363
61653536346664656134363736633638633635393832303731386666383531306366393165386464
36316366356231303736373132633430306161356665393530636134633632636138393738373961
64643063643832663265393735376262393161313834396534643537396361336166353661306362
37343363396566343466666538366235633833393330643364393161303963366138303735383934
65323564633838646639623165313962313564393939323766643434616665633139633438633338
39646534303562666430323534393136633265306663353464373761643833353364363233653362
35373336316463623132303862646439393434306137646235353938636665383237653366363638
32613438663864313764346637383332633430626561393439643237386633616262303431383863
63326262613133366434656235613336393330653566323563633630656566633563326430376334
31663130616665363333393463356536366162356338393933323032363465393766383037333437
38663830306366346235393664376461306339386566393663636664323963386265303532316338
35633763373330343130383234313362646262616634613036646664616134396232613334366231
65333430626439623964303337616537653730386161306632346663356137336464616433616135
32663832613530363731653661313330393838326631666564393963626265346536373739666565
64333039353833633732613033623037613261656430343233316339356661323133363434356133
39316133343661643239373765343831363531376361386463643136316466303761396435343231
39613464396239333336356235643263326262343437326539346333646266636335626662336539
64613336663333626138343062333265643431326266396436366162303538663531363132663135
65333037353036303438653361323938396639333366386238346233623361376637353330663465
33613566333964356265303831653833366563643836343033303730306162663330626139356332
66626265376466373031373839313435663639306133663965613362313734326433386331653037
63386338643864343431396263626537613931343166663761363663323166643930353065616339
62333461626630386230313866386435313032323734376532363734343861663330356535643063
32636166306333396439656562646538346266633637613633396232303363336261363530383561
31393763653130366165653530383730353037633537363036663038613031653339333764336132
36396262653365393935373866313430373435623637316634633863316566613732356661633934
63366633643935393335373736626638343037376365396262376335306233316432643231336133
31313632636134383338653639643535303865336339313862613632343935653332633733663332
37663438663932363761393231653536303062666436313237623632363136636230353832313863
36313535366362396131643439366432356266393132623232396134386361303564303764383761
61663034333966323438353837363433646665393763346161316137663639646434363438643834
61643764303934646162376165623461373630633137613964386232386537386338613863663935
31343234376334653965313634346332396131336233386230366333626234613062326638356338
35353863316330346262653031373534313265356266626338663866383264323764366566623537
36326164356561393761343064323435343832336564326664366438386666333338653563623661
65323766383738346333366138343361626331363837633836326432363664633131643535313766
36376662313036333964666232366232643934353934353761366261333830666437336136303634
62306332353937383436633432373161613466383963396466343336366335333864616637653236
35376163323736343065366365346664383330646237653065373765666662333166313935643438
66376561356564353266386466323664333030353666376137646663393165323735363961376238
30353763336233363638623062313236393332633862303833613364313765343633326362613265
39653833633234633539346261353136343133303237303633616662623135393339326134323536
32373439633330633837366132633663643339353066323338646335653462333332313666386533
31343161326561313630
